waypoints2 = [
    -0.45, -0.12, 0.25;
    -0.45, -0.12, 0.6;
    0, 0.75, 0.6;
    0, 0.75, 0.25;
    0, 0.75, 0.6;
    -0.45, -0.12, 0.6;
    -0.45, -0.12, 0.25;  % Final target
];